B_1_0_0_2_1
25 22
0000000000033334440000
0000033333333004440000
0000333300000004440000
0000000000000004440000
0000000000000004440000
0000000000000004440000
0000000000000004440000
0000000000000004440000
0000000000000004440000
0000000000000004440000
0000000000000000000000
0000000000000000011111
0000000000001111111100
0001111111111110000000
1111111100000000000000
0000000000000000000000
0000000000000555660000
0000000055555556660000
0000005555000006660000
0000000000000006660000
0000000000000766000000
0000000000077770000000
0000000077777000008880
0000000077777008888800
0000000007777888800000

D_1_0_0_2_1
30 30
000033333333333333333333440000
000033333333333333333333440000
000000000000000000000000440000
000000000000000000000000440000
000000000000000000000000440000
000000000000000000000000400000
000000000000000000000000400000
000000000000000000000004400000
000000000000000000000004400000
000000000000000000000004400000
000000000000000000000004400000
111111111111111111111111111111
111111111111111111111111111111
000000000000000000000000000000
000000000000000000000000000000
000000000000000000000000000000
000000000000000000000000000000
000005555555555555555556660000
000005555555555555555556660000
000000000000000000000006660000
000000000000000000000000660000
000000000000000000000000660000
000007000001000000000006660000
000007711111111111111111110000
000007700000000000000000100000
000007700000000000000000000000
000007700000000000000000000000
000007700000000000000000000000
000007788888888888888888880000
000007788888888888888888880000

G_1_0_0_2_1
30 31
0000330033303330033333333440000
0000333333333333333333333440000
0000333333333333333333334440000
0000000000000000000000004440000
0000000000000000000000000440000
0000000000000000000000004400000
0000000000000000000000004400000
0000000000000000000000004400000
0000000000000000000000004400000
0000000000000000000000044000000
0000000000000000000000044000000
0000000000000000000000000000000
0100010000000000000010001000011
1111111111111111111111111111111
1111111111111111111111111111111
0000000000000000000000000000000
0000000000000000000000000000000
0000550000000000500000000066000
0000555555555555555555555566000
0000555555555555555555555666000
0000000000000000000000000666000
0000000000000000000000000066000
0000000000000000000000000666000
0000771111111111111111111111000
0000771111111111111111111111000
0000770000000000000000000000000
0000770000000000000000000000000
0000770000000000000000000000000
0000778888888888888888888888000
0000778888888888888888888888000

H1_1_0_0_2_1
32 28
0000000000000003334400000000
0000000000000333334440000000
0000000000333333000444000000
0000000033333300000044000000
0000000003330000000044400000
0000000000000000000044400000
0000000000000000000044400000
0000000000000000000444000000
0000000000000000000440000000
0000000000000000004400000000
0000000000000000004000000000
0000000000000000044000011100
0000000000000000441111111111
1111111111111111111111111111
1111111111110000000000000000
0011110000000000000000000000
0000000000000000000000000000
0000000000000000000000000000
0000000000000000005600000000
0000000005555555555660000000
0000000005555550000660000000
0000000000500000000660000000
0000000000000000000660000000
0000000000000000011660000000
0000000001011111111110000000
0000000001111111111000000000
0000000000077000000000000000
0000000000077000000000000000
0000000000007000000000000000
0000000000007000008880000000
0000000000007788888880000000
0000000000000088888800000000

H2_1_0_0_2_1
33 30
003333333333333333333334444400
033333333333333333333334444400
033333333333333333333334444400
033333333333333333333334444400
000000000000000000000004444400
000000000000000000000004444400
000000000000000000000004444400
000000000000000000000004444400
000000000000000000000004444400
000000000000000000000004444000
111111111111111011010011111110
111111111111111111111111111111
111111111111111111111111111111
111111111111111111111111111111
000000000000000000000000000000
000000000000000000000000000000
000000000000000000000000000000
055555555555555555555555666600
055555555555555555555555666600
055555555555555555555555666600
055555555555555555555556666600
000000000000000000000006666600
000000000000000000000006666600
077700000000000000000066666600
077711111111111111111111111100
077771111111111111111111111100
077771111111111111111111111100
077777000000000000000000000000
077777000000000000000000000000
077777888888888888888888888800
077777888888888888888888888800
007777788888888888888888888800
000777788888888888888888888800

M_1_0_0_2_1
30 34
0000000000000000000000004440000000
0000003333333333333333334440000000
0000000333330000000000004440000000
0000000000000000000000004440000000
0000000000000000000000004440000000
0000000000000000000000004440000000
0000000000000000000000004440000000
0000000000000000000000004400000000
0000000000000000000000004400000000
0000000000000000000000004400000000
0000000000000000000000004000000000
0000000000000000000000004000000000
1000000000000000000000040000111111
0111111111111111111111111111111111
0001111000000000000000000000000000
0000000000000000000000000000000000
0000000000000000000000000000000000
0000000000000000000000006660000000
0000005555555555555555556660000000
0000000555555555555555556660000000
0000000000000000000000006660000000
0000000000000000000000006600000000
0000000000000000000000006600000000
0000001111111111111111111110000000
0000000111111111111111111110000000
0000000077000000000000000000000000
0000000077000000000000000000000000
0000000077700000000000000088000000
0000000007778888888888888888800000
0000000007778888888888888888000000

N_1_0_0_2_1
30 30
000000333333333333333444400000
000000333333333333333444400000
000000333333333333333444400000
000000000000000000000444400000
000000000000000000000044400000
000000000000000000000044400000
000000000000000000000044000000
000000000000000000000044400000
000000000000000000000044000000
000000000000000000000044000000
111111111111111111111111111111
111111111111111111111111111111
111111111111111111111111111111
000000000000000000000000000000
000000000000000000000000000000
000000000000000000000000000000
000000555555555050500066000000
000000555555555555555666000000
000000555555555555555666000000
000000000000000000000666000000
000000000000000000000666000000
000000000000000000000666000000
000000111111111111111111000000
000000111111111111111111000000
000000111111111111111111000000
000000777000000000000000000000
000000777000000000000000000000
000000777888888888888888800000
000000777888888888888888800000
000000777888888888888888800000

S_1_0_0_2_1
32 32
00000003333333333333334440000000
00000003333333333333334440000000
00000003330333333333304440000000
00000000000000000000004440000000
00000000000000000000004440000000
00000000000000000000004440000000
00000000000000000000004440000000
00000000000000000000004440000000
00000000000000000000004440000000
00000000000000000000004440000000
00000000000000000000004440000000
00000000000000000000004440000000
00000000000000000000000000000000
00000000000000000000000000000000
00000000000000000000000000000000
11111111111111111111111111111111
01111111111111111111111111111111
00000000000000000000000000000000
00000000000000000000000000000000
00000000000000000000000000000000
00000000000000000000000000000000
00000005555555555555556660000000
00000005555555555555556660000000
00000000000000000000006660000000
00000000000000000000006660000000
00000000000000000000006660000000
00000001111111111111111110000000
00000007771000010000000000000000
00000007770000000000000000000000
00000007770000000000000000000000
00000007778888888888888880000000
00000007778888888888888880000000

Y_1_0_0_2_1
34 30
000030000000000000000000000000
000033333333330000000000000000
000033333333333333333333000000
000000000000333333333333440000
000000000000000000000034440000
000000000000000000000004400000
000000000000000000000004400000
000000000000000000000004400000
000000000000000000000044400000
000000000000000000000044400000
000000000000000000000044000000
000000000000000000000044000000
000000000000000000000044000000
000000000000000000000044000000
100000000000000000000444000000
111111111111111111111111111111
000000000000000000000000000010
000000000000000000000000000000
000000000000000000000000000000
000000000000000000000000000000
000000555555555000000000000000
000000555555555555555560000000
000000000000000005555566000000
000000000000000000000660000000
000000000000000000000660000000
000000000000010001111110000000
000000111111111111111110000000
000000111111111110000000000000
000000007770000000000000000000
000000000770000000000000000000
000000000770000000000000000000
000000000770000088888888888000
000000000778888888888888888000
000000000778888888800000000000