B_1_0_0_2_1
27 29
00003000000000000000555000000
00003330000000000005555000000
00000333330000000005555000000
00000000333330000005555000000
00000000000330000005555000000
00000000000000000005555000000
00000000000000000005555000000
00444444444000000005555000000
44444400111000000005555006666
40000000111000000005555666666
00000001111000000005555000000
00000011111100000005555000000
00000011101110000005555000000
00000111000111000005555000000
00001110000011000005555000000
00001110000110000005555000000
00011100011100000005555000000
00011111111000070005555000000
00011111100000770005555000000
00000000000007770000550000000
00000000000007770000000000000
00000000000007770000000000000
00000000000007770000000000000
00000000000007770000000888000
00000000000007770000888880000
00000000000007778888800000000
00000000000007788800000000000

D_1_0_0_2_1
30 32
00000000000000000000000055000000
00000033333333000000000055000000
00000033333333000000000055000000
00000000000000000000000055000000
00000000000000000000000055000000
44444444444444444440000055000000
44444444444444444440000055000000
00000000000000000000000055000000
00000000000000000000000055000000
00000000111100000000000055000000
00000111111111000000000055000000
00011110000011110000000055000000
00011000000000111000000055666666
00110000000000011000000055666666
00110000000000011000000055000000
00110000000000011000000055000000
00011100000000110000000055000000
00001111111111110000000055000000
00000111111111000000000055000000
00000000000000000000000055000000
00000000000000000000000055000000
00000000000000000000000055000000
00007770000000000000000055000000
00007700000000000000000000000000
00007700000000000000000000000000
00007700000000000000000000000000
00000700000000000000000000000000
00000700000000000000000000000000
00007788888888888888888888800000
00000788888888888888888888800000

G_1_0_0_2_1
32 30
000000000000000000000005550000
000033333333300000000055500000
000033333333300000000005500000
000000000000000000000055500000
000000000000000000000055500000
444444444444444440000005500000
000000000000000000000005500000
000000000000000000000005500000
000011111111000000000005500000
000111111111110000000005500000
001111111111111000000005566666
011100000000011100000005566666
011100000000011100000005500000
011100000000011100000005500000
011100000000011100000005500000
001100000000011100000005500000
001111000001111000000005500000
000111111111110000000005500000
000011111111000000000005500000
000000000000000000000005500000
000000000000000000000055500000
000000000000000000000055500000
000777000000000000000005500000
000777000000000000000000000000
000770000000000000000000000000
000777000000000000000000000000
000770000000000000000000000000
000777000000000000000000000000
000777000000000000000000000000
000777888888888888888888880000
000777888888888888888888880000
000777888888888888888888880000

H1_1_0_0_2_1
33 28
0000000000000000555000000000
0000000000000000055550000000
0000000000000000005550000000
0033300000000000000555000000
0003333333000000000550000000
0000333330000000000550000000
0000000000000000000550000000
0000000000000000000550000000
0000004444444400000550000000
4444444444440000000550000000
0444000000000000000550000000
0000000000000000000550000000
0000011110000000000550000000
0001111111100000000550000000
0011100011110000000555006660
0011000000110000000555666666
0011000000010000000555000000
0011000000010000000550000000
0011100000110000000550000000
0001111111100000000550000000
0000111111000000000550000000
0000000000000000000550000000
0000000000000000000500000000
0000000077000000000500000000
0000000077700000000000000000
0000000007770000000000000000
0000000000770000000000000000
0000000000770000000000000000
0000000000770000000000000000
0000000000070000000800000000
0000000000007888888880000000
0000000000000888888800000000
0000000000000088800000000000

H2_1_0_0_2_1
33 32
00000003333300000000000555550000
00000003333300000000000555550000
00000003333330000000000555550000
44444444444444444440000555550000
44444444444444444440000555550000
44444444444444444440000555555000
00001111111111110000000555555000
00011111111111111000000555550000
01111111000111111100000555550000
01111100000001111110000555550000
11111000000000111110000555556666
11111000000000011111000555556666
11111000000000011111000555556666
11111000000000011111000555556666
11111000000000011111000555551000
11111100000000111110000555550000
01111110000011111110000555550000
00111111111111111100000555550000
00011111111111111000000555550000
00000111111111100000000555550000
00000000000000000000000555550000
00000000000000000000000555550000
00000000000000000000000555550000
00077777000000000000000555550000
00077777000000000000000000100000
00077777000000000000000000000000
00077777000000000000000000000000
00077777000000000000000000000000
00077777000000000000000000000000
00077777000000000000000000000000
00088888888888888888888888888000
00088888888888888888888888888000
00008888888888888888888888888000

M_1_0_0_2_1
33 32
00000000000000000000055000000000
00000000000000000000055500000000
00000000000000000000005555000000
00000033000000000000000555500000
00000033333000000000000055000000
00000000333000000000000055000000
00000000000004440000000055000000
44444444444444444400000055000000
04444444444444444000000055000000
00011000111000000000000055000000
00000001111000000000000055000000
00000011111110000000000055000000
00001111001111000000000055006660
00001100000011000000000055666666
00011000000011100000000055666660
00011000000001100000000055000000
00011000000001100000000055000000
00011100000011100000000055000000
00001110000111000000000055000000
00001111111110000000000055000000
00000111111100000000000055000000
00000000110000000000000055000000
00000000000000000000000055000000
00000000000000000000000055000000
00000007777770000000000050000000
00000000007770000000000000000000
00000000007770000000000000000000
00000000007770000000000000000000
00000000007770000000000000000000
00000000007770000000000000000000
00000000007770000000000008888000
00000000000888888888888888888000
00000000000088888888888888888000

N_1_0_0_2_1
32 32
00000003330000000000055500000000
00000003330000000000055500000000
00000003330000000000055500000000
00000003330000000000055500000000
10000003333000000000055500000000
44444444444444444400055550000000
44444444444444444400055556666660
00000001111000000000055556666666
00000001110000000000055556666660
00000011111000000000055550000000
00000111111100000000055500000000
00000111011110000000055500000000
00001110001110000000055500000000
00001110001110000000055500000000
00000111011110000000055500000000
00000111111100000000055500000000
00000011111100000000055500000000
00000000000000000000055500000000
00000000000000000000055500000000
00000000000000000000055500000000
00000077700000000000055500000000
00000077700000000000055500000000
00000077700000000000055500000000
00000077700000000000055500000000
00000077700000000000055500000000
00000077700000000000000000000000
00000077700000000000000000000000
00000077700000000000000000000000
00000077770000000000000000000000
00000088888888888888888888000000
00000088888888888888888888000000
00000008800000088088008080000000

S_1_0_0_2_1
33 31
0000033033033300000000000000000
0000033333333300000000055000000
0000000000000000000000055000000
4444444444444444444000055000000
4444444444444444444000055000000
0000000011100000000000055000000
0000011111111100000000055000000
0001111111111111000000055000000
0001110000000111100000055000000
0011100000000011100000055666666
0011100000000011100000055666666
0001110000000011100000055100000
0001111110111111000000055000000
0000111111111110000000055000000
0000000111110000000000055000000
0000000000000000000000055500000
0000000000000000000000055000000
0000000000000000000000055000000
0000000000000000000000055500000
0000000000000000000000055500000
0000000000000000000000055500000
0000000000000000000000055500000
0000000000000000000000000000000
0000000000000000000000000000000
0000000007770000000000000000000
0000000007770000000000000000000
0000000007770000000000000000000
0000000007770000000000000000000
0000000007770000000000000000000
0000000007770000000000000000000
0000000007770000000000000000000
0000000008888888888888888880000
0000000008888888888888888880000

Y_1_0_0_2_1
33 31
0000000330000000000000000000000
0000000333000000000000000000000
0000000033300000000000000000000
0000000003330000000000005000000
0000000000333000000000005500000
4444440000333300000000005500000
4444444444444440000000005500000
0000044444444440000000005500000
0000011111111111000000005500000
0000111000000111100000005500000
0001110000000001110000005500000
0001100000000000111000005500000
0011100000000000011000055566666
0011000000000000011000055566666
0011000000000000011000055500000
0011000000000000011000055500000
0011100000000000110000055500000
0001100000000001110000055500000
0001110000000111100000055500000
0000111111111111000000055500000
0000011111111100000000055000000
0000000001000000000000055000000
0000000000000777000000055000000
0000000000000777000000055000000
0000000000000077000000000000000
0000000000000077000000000000000
0000000000000077000000000000000
0000000000000077000000000000000
0000000000000077700000000000080
0000000000000007700000008888888
0000000000000007700888888888888
0000000000000007788888888800000
0000000000000008888880000000000